==> d : 6 59 46 35 34 98 4 82 34 68 51 54 28 78 71 22 75 13 75 91 58 

58 


13 75 75 91 


==> main_chain
51 54 34 68 22 71 28 78  , 35 46 6 59 4 82 34 98  , 

==> main_chain
35 46 6 59  , 51 54 34 68  , 22 71 28 78  , 13 75 75 91  , 4 82 34 98  , 

==> main_chain
35 46  , 51 54  , 6 59  , 34 68  , 22 71  , 13 75  , 28 78  , 4 82  , 75 91  , 34 98  , 

==> main_chain
4  , 6  , 13  , 22  , 28  , 34  , 34  , 35  , 46  , 51  , 54  , 58  , 59  , 68  , 71  , 75  , 75  , 78  , 82  , 91  , 98  , 
comp :  76
